050437439781

050437444354

050437444215

050437444218

050437444356

050437439782

050437444333

050437444221

050437444337

050437444334

050437444335

050437439797  **고객이용중이라 변경불가

050437444338 

050437444340

050437444160

050437444339

050437444343

050437444344

050437444346

050437444169

050437444161

050437444164

050437444167

050437439796

050437444342

050437444172

050437444347

050437444326 **고객이용중이라 변경불가

050437444319

050437444236

050437439774 **고객이용중이라 변경불가

050437444191

050437444192 **고객이용중이라 변경불가
